kills : 9.728380069924627
deaths : 0.1679344664385537
assists : -0.6000929641991033
goldEarned : 0.03373361706042484
minionsKilled : 1.8845978192056614E-4
