goldEarned : 9.099360090334933
deaths : 4.26789602818757E-4
