assists : 9.195772125112308
champLevel : 0.06557479606287285
killingSprees : 0.011751154634243921
trueDamageDealt : 0.7276889233877091
