3
constant:9.099360090334933
goldEarned:4.26789602818757E-4
deaths:-0.6504098277765687
