assists : 7.248701878088071
champLevel : 0.027537112370946706
deaths : 0.39101939093041743
doubleKills : -0.5558646987238999
largestKillingSpree : 0.32460724443889655
magicDamageDealtToChampions : 0.16520172587933565
